-2583.4975107714
-2583.4974349277
-2583.4971805896
-2583.4966925727
-2583.4959557707
-2583.4949139754
-2583.4935614844
-2583.4919632119
-2583.4902047352
-2583.4886226249
-2583.4872661541
-2583.4863184992
-2583.4859622684
-2583.4863763678
-2583.4874412715
-2583.4888914139
-2583.4905553380
-2583.4921539876
-2583.4935580555
-2583.4947632915
-2583.4956474194
-2583.4962342037
-2583.4966721094
-2583.4968759512
-2583.4969864763
-2583.4969895755
-2583.4968663902
-2583.4966307394
-2583.4961982916
-2583.4954724378
-2583.4944378576
-2583.4930788708
-2583.4914487189
-2583.4896715130
-2583.4879415898
-2583.4865477370
-2583.4857512649
-2583.4856673319
-2583.4863176991
-2583.4875331170
-2583.4891197974
-2583.4908650887
-2583.4925876304
-2583.4940793395
-2583.4952627690
-2583.4962029160
-2583.4968455605
-2583.4972361545
-2583.4974429748
-2583.4975088423
